160 -1.0336248262653538 -0.16683282859048987 -0.6618384276640651
86 -1.433555580630884 0.33259493379683414 0.1668161453076308
14 -0.7515073417914834 1.1446922673101667 -0.33256167430345446
159 0.6255600109692032 0.4053742483286074 -1.1445777980834357
188 -1.1565482715230697 -0.17744345432503245 -0.40533371090377457
148 -1.7571084928928533 0.5883690531996655 0.17742570997959994
111 -1.8976882522300413 1.1081900814269858 -0.5883102162943455
68 -1.752199910062357 0.16607273239102455 -1.1080792624188431
14 -1.1176359406077738 -0.11359529290760731 -0.16605612511778545
60 0.7376385704062297 0.8313630967680615 0.11358393337831656
94 -0.6232845057010787 0.9753510136447604 -0.8312799604583847
61 0.42103514258420965 -0.021541880421957038 -0.975253478543396
84 0.10910438527628862 0.024653710934181273 0.02153972623391484
97 0.375478883845304 1.0214181651413494 -0.024651245563087856
63 -0.1966197900537478 0.766689740820768 -1.0213160233248353
150 0.2813704042184562 -0.13887865506079858 -0.7666130718466859
111 -1.099865212419979 0.22952947198701482 0.1388647671952925
24 -0.6134904082991621 1.1283280114931649 -0.22950651903981611
174 0.3391607353200577 0.51586866065616 -1.1282151786920156
171 -1.2637010615068356 -0.18143927370145166 -0.5158170737900943
120 -1.707590160941413 0.4775988842016436 0.1814211297740815
65 -1.6118486960572742 1.1358009909359505 -0.47755112431322344
6 -0.803911381416486 0.2644400974845591 -1.1356874108368569
150 0.7295424755731647 -0.1496731238683855 -0.26441365347481066
190 -1.1099560839273086 0.7311059377234851 0.14965815655599865
151 -1.7460202638803595 1.0427549781210914 -0.7310328271297127
114 -1.9082254252746091 0.051499583991023695 -1.0426507026232794
74 -1.7961463140295215 -0.043181144053529116 -0.051494434032624596
22 -1.2592132152737805 0.9481326437270211 0.04317682593912377
26 0.45681078669235564 0.8633857239189657 -0.9480378304626484
89 -0.0992792922671816 -0.09712481211606375 -0.8632993853465738
100 0.4615618178732879 0.13481396882771007 0.09711509963485214
68 -0.43940954379432823 1.0934801383966364 -0.13480048743082731
141 0.509103820096776 0.6260597499555873 -1.0933707903827967
131 -1.1068406576281402 -0.17176095248568723 -0.6259971439805918
42 -1.0246289691341686 0.3681024910596501 0.17174377639043867
66 0.6763906159609422 1.1446438876055747 -0.36806568081054414
84 -0.5168617559519874 0.3698923933028952 -1.1445294232168142
97 0.5897915375896505 -0.1718934997414829 -0.36985540406356493
81 -0.647704483427564 0.62423512088576 0.17187631039150877
83 0.5877121942963579 1.093942413162057 -0.6241726973736715
75 -0.4632821131627094 0.13648530196336353 -1.0938330189207408
124 0.5804365011157103 -0.09755866645114691 -0.1364716534331672
113 -0.9886524442944226 0.8616248078868877 0.0975489105845018
25 -0.49499070758448477 0.9490694486712785 -0.861538645406099
174 0.08504413606334238 -0.041685209086339964 -0.9489745417264114
140 -1.2940909515066885 0.05067792694227424 0.04168104056543133
66 -1.3932397680933082 1.041167390109598 -0.050672859149580016
6 -0.3460715223681558 0.7325212340048937 -1.041063273370587
161 -0.21280298243600126 -0.14838074502419735 -0.7324479818814932
89 -1.131784120447514 0.2631486490197196 0.14836590694969493
17 -0.2024249738466631 1.1345164646535142 -0.26312233415481767
139 -0.19750973593586077 0.4794521441312006 -1.1344030130070488
51 -0.622694718940172 -0.18037788470944993 -0.4794041989167875
147 0.5679266894568484 0.5140885648247614 0.18035984692097898
153 -1.1506681715604306 1.1275024364242625 -0.5140371559682789
79 -1.4323051713956059 0.23171049520319142 -1.12738968618062
10 -0.6339692868164043 -0.13812763689808172 -0.2316873241536711
178 0.36033838489893977 0.7644968270313193 0.1381138241343919
183 -1.2613456420220532 1.021222744426201 -0.7644203773486161
143 -1.7850957187391794 0.02700044390470749 -1.0211206221517584
104 -1.8846105571939349 -0.021266426945968614 -0.026997743860317017
59 -1.6824521373960013 0.9729118039566733 0.021264300303274017
5 -0.8835935181409335 0.8319528246476283 -0.9728145127762776
129 0.8283754725383556 -0.11124361326411111 -0.8318696293651636
177 -1.0622632667129488 0.16565534233642534 0.1112324889027847
122 -1.6332642909705077 1.105744150413865 -0.1656387768021917
61 -1.5435587352294908 0.5898271979629124 -1.1056335759988236
3 -0.6197335920653272 -0.17521280069017975 -0.5897682152431161
180 0.3368860446546223 0.4040918796517446 0.17519527941011073
186 -1.2701175462901622 1.1425372299700147 -0.4040514704637794
149 -1.806144677998995 0.3348702651627097 -1.1424229762470177
116 -1.9447302371160662 -0.1648505951450464 -0.3348367781361934
79 -1.8478275346808584 0.6597280781198714 0.1648341100855319
30 -1.395585238302747 1.077785882673584 -0.6596621053120595
5 0.08868355733400084 0.1080134129098452 -1.0776781040853167
112 -0.16407171172014978 -0.08001148355900327 -0.10800261156855422
55 0.1316201835117428 0.8907170209311833 0.08000348241064736
128 0.25887998111618593 0.921328120135343 -0.8906279492290902
70 -0.6972460508872665 -0.06039705021951519 -0.9212359873233296
100 0.6608328938814492 0.07803445194162671 0.06039101051449324
97 -0.8073123611854487 1.059173135376527 -0.07802664849643255
36 0.16342798293666366 0.6976038053628988 -1.0590672180629894
122 0.1404065483045178 -0.15639743191434885 -0.6975340449823625
55 -0.4023706359915974 0.29757392367575686 0.1563817921711574
159 0.3092980730057278 1.1386717441608003 -0.2975441662833893
135 -1.2007736025419453 0.44314116552657085 -1.1385578769863842
53 -1.22109435570131 -0.17783269550323375 -0.4430968514100182
21 0.2183124376525792 0.5505782550719927 0.17781491223368343
108 0.030671595880771493 1.1171876292420593 -0.5505231972464855
59 0.0865739785707435 0.19985516296721595 -1.117075910479135
132 0.2770522969227406 -0.1250643277120655 -0.19983517745091922
76 -0.7912894394034591 0.7970366053358665 0.1250518212792943
69 0.5619047536478271 0.99799835123023 -0.796956901675333
73 -0.2518602575790642 0.003842956513015555 -0.997898551395107
138 0.445273774907969 0.0020984949419408446 -0.0038425722173642536
113 -1.044157566133959 0.9961565470464314 -0.0020982850924466507
24 -0.5606072799565047 0.7994361416628595 -0.9960569313917268
175 0.22080822059990976 -0.12387656031108671 -0.7993561980486932
160 -1.2915648338024281 0.19757472151240557 0.1238641726550556
99 -1.622038375129625 1.1160570185389147 -0.19755496404025433
33 -1.2609050131975161 0.5533283822337514 -1.1159454128370607
23 0.3545666327819784 -0.1771798725541448 -0.553273049395528
97 -0.009529604227278188 0.4404484091568114 0.17716215456688938
80 0.34254464100124016 1.138363194341136 -0.4404043643158957
77 0.13270762401458114 0.3004214832379933 -1.138249358021702
107 0.37632960866481996 -0.1562999715398851 -0.3003914410896695
63 -0.397652391122557 0.6947226226896567 0.1562843415427311
151 0.4184664511403896 1.059756437047372 -0.6946531504273877
134 -1.1540499375764626 0.08073010839994416 -1.0596504614036673
48 -1.1366255804415115 -0.0609539314841206 -0.08072203538910416
36 0.4488026426045278 0.9185348882582217 0.060947836090972186
89 0.003855271579873927 0.8922065679014634 -0.9184430347693959
96 0.4157624045256091 -0.07764954673069766 -0.8921173472446732
64 -0.26924670544126766 0.10667676233383026 0.07764178177602458
151 0.3293595231621425 1.075365795451619 -0.10666609465759688
120 -1.1308889623129754 0.6620515865369444 -1.0752582588720738
31 -0.8530056735699016 -0.16292071951929088 -0.6619853813782907
123 0.7650987078006375 0.33270598645197264 0.16290442744733896
153 -1.062071581285885 1.140765772763143 -0.3326727158533274
75 -1.3611250784805704 0.40705797448509445 -1.1406516961858668
8 -0.42088205952760444 -0.17379093510424837 -0.40701726868764593
171 -0.11212596673202015 0.5869420734874723 0.17377355601073793
116 -1.2689107917523923 1.1048733564847832 -0.5868833792801236
32 -0.9824831908857204 0.16896759394588623 -1.1047628691491347
86 0.7699472374662883 -0.11047287870990706 -0.16895069718649164
110 -0.8367142707339751 0.8286084514274177 0.11046183142203607
28 -0.18678948500773584 0.9731434382666474 -0.8285255905822749
141 -0.12517992253670793 -0.017927220870561367 -0.9730461239228207
57 -0.7054220857160273 0.02688959902755087 0.01792542814847431
122 0.6784147192428788 1.017780818041302 -0.026886910067648116
131 -1.034289293311393 0.7659375312177875 -1.0176790399594977
40 -0.9513506536152642 -0.13501110030509755 -0.7658609374646658
87 0.7473189597310987 0.23049346309421562 0.13499759919506704
105 -0.8103587624351372 1.1243721518892342 -0.2304704137479062
30 -0.02503370961532313 0.5166870390632883 -1.1242597146740454
131 -0.015256145769795301 -0.177652813941243 -0.516635370359382
53 -0.49954024951164794 0.4770525251803696 0.17763504865984886
158 0.4026452097229983 1.1321192263036555 -0.4770048199278516
148 -1.2024014904978566 0.26665639155887094 -1.132006014381025
73 -1.4063155850320952 -0.14622714061286468 -0.26662972591971507
7 -0.4796152469659256 0.7290937987499221 0.1462125178988034
178 -0.005553083148656543 1.039896964423685 -0.729020889370047
141 -1.3271264932677846 0.05470197130643395 -1.0397929747272427
69 -1.4374879348576943 -0.04039143586020473 -0.054696501109303304
6 -0.49182001351371574 0.9449772052725268 0.04038739671661871
179 0.020794456084080388 0.8617910130196835 -0.9448827075519995
147 -1.3343890690195321 -0.09341945757629802 -0.8617048339183816
79 -1.5194803420903134 0.13654972707084845 0.09341011563054039
12 -0.8125290768982117 1.0896809500379159 -0.13653607209814136
146 0.7317120547308046 0.6259830133267517 -1.0895719819429122
185 -1.1108555182887314 -0.1679429285376402 -0.625920415025419
139 -1.7137867450904014 0.3684386195254213 0.16792613424478645
93 -1.7936014097580395 1.1407767309732268 -0.36840177566346877
39 -1.4535949514924957 0.3713239143505388 -1.1406626533001296
30 -0.14840635514016196 -0.16823894317385088 -0.37128678195910375
135 -0.29836924518492514 0.6230523496408454 0.16822211927953348
45 -0.5066076117652615 1.0905832732009377 -0.6229900444058813
165 0.31453339053653945 0.13913558043698437 -1.0904742148736177
149 -1.2385604164569777 -0.09434595682232504 -0.13912166687894068
78 -1.46239571682783 0.8590981012073153 0.09433652222664281
9 -0.6742622134939695 0.9467266127270398 -0.8590121913971946
173 0.45910003421809975 -0.03827044724631756 -0.9466319400657671
189 -1.2233322131091562 0.053075134507746244 0.03826662020159293
152 -1.7943640267798884 1.0377032262209898 -0.05306982699429547
120 -1.9536128550147878 0.7315645758638143 -1.0375994558983677
85 -1.885880403113112 -0.14463680163012815 -0.731491419406228
38 -1.511632046338198 0.2643246197166134 0.14462233794996515
30 -0.2719144712512812 1.1306488370322987 -0.26429818725464177
156 -0.2878321258876361 0.48002845420886037 -1.1305357721485956
74 -1.0217754626802946 -0.17662123551862516 -0.4799804513634395
34 0.29474564891958943 0.5137805364693354 0.1766035733950733
107 0.13793271277587638 1.1238094854641296 -0.5137291584156884
59 0.0017622058140262492 0.23368128966048118 -1.1236971045155832
140 0.2452439526475049 -0.13461849354306038 -0.23365792153151513
86 -0.9183547553670924 0.7627176507077243 0.13460503169370608
36 0.24735978512412612 1.0182573887534838 -0.7626413789426536
113 0.15988130185129346 0.02998899910713368 -1.0181555630146084
55 -0.1879836874842987 -0.018335431028097943 -0.029986000207222967
153 0.16456994479304496 0.9699467621865798 0.018333597484995134
102 -1.0881926848713053 0.8301742531897492 -0.9698497675103612
20 -0.4011462988987071 -0.10768762564219281 -0.8300912357644302
166 -0.09843898295037799 0.16758943929227915 0.1076768568796286
105 -1.2034940641445788 1.1020596128471687 -0.16757268034834993
21 -0.6660394571137543 0.5895202415978797 -1.101949406885884
170 0.4515954309875747 -0.17145622993660845 -0.58946128957372
180 -1.2264560298293263 0.40465926266946495 0.1714390843136148
135 -1.746751407799782 1.138689260540776 -0.404618796743198
89 -1.789763132348496 0.3360585568426222 -1.1385753916147219
34 -1.406293154926851 -0.16116246234015108 -0.33602495098693796
4 0.010019172435454629 0.658780381159554 0.16114634609391706
117 -0.20735020987191374 1.0743480279737716 -0.658714503121438
48 -0.005185010703438156 0.11044075983633564 -1.0742405931709742
141 0.127348469981473 -0.07668002545761964 -0.110429715760352
74 -0.8391807045267548 0.8883943189788118 0.07667235745507388
64 0.5467383496395717 0.9188234642563085 -0.888305479546914
74 -0.18041326133961016 -0.057152791240506734 -0.9187315819098828
135 0.4308914758304033 0.08061512978080101 0.05714707596138269
105 -0.997887185885346 1.0558473161314674 -0.08060706826782293
22 -0.301876927895961 0.6964302207357724 -1.0557417313998543
152 -0.16359449501871218 -0.1527447418706696 -0.6963605777136989
74 -0.9655189914881148 0.29897323105247364 0.15272946739648255
42 0.3928548241305707 1.1348524688192914 -0.2989433337293684
94 0.12047045976953817 0.44347864107358353 -1.1347389835724095
76 0.26241852844792307 -0.17407364459010402 -0.4434342932094762
90 0.27496079842633314 0.5505053800423475 0.174056237225645
71 0.11859214368648469 1.1134450025345313 -0.5504503295043432
117 0.3674113636293467 0.20159771576183227 -1.1133336580342779
69 -0.5960832593610633 -0.12146198583435557 -0.2015775559902561
120 0.6350729684840754 0.7954718412091789 0.12144983963577213
118 -0.9898407233376161 0.9948947496044279 -0.795392294025058
27 -0.6062292848448024 0.006644593416850558 -0.9947952601294675
172 0.3422846660858247 0.005195909746197443 -0.006643928957508873
169 -1.2600782743696743 0.993350671546873 -0.005195390155222823
114 -1.6829817884326597 0.7974554985122524 -0.9932513364797183
55 -1.5251143356604813 -0.12043839090120331 -0.7973757529624012
1 -0.504044171081699 0.19972316583702462 0.12042634706211319
182 0.05798363305618881 1.1124484784677204 -0.1997031935204409
157 -1.3437671215347402 0.5527884830305297 -1.1123372336198736
98 -1.6389709420802405 -0.17345225501411243 -0.5527332041822267
33 -1.2726307535729193 0.4412496588638771 0.17343490978861104
21 0.3303940023016211 1.1344946574991135 -0.4412055338979907
99 -0.010625288822778743 0.301378840523203 -1.1343812080333635
76 0.31798681781355237 -0.15254704913638556 -0.3013487026391507
83 0.20269043978296183 0.6939971769208055 0.1525317944314719
88 0.298345465123078 1.0562053781166623 -0.6939277772031135
72 0.11082929086953777 0.08295826264437423 -1.0560997575788507
117 0.37194055120662584 -0.05747617224704526 -0.08294996681810979
69 -0.6035449667959858 0.9163893311066559 0.057470424629820556
118 0.6395097226847651 0.8895165433965997 -0.9162976921735452
116 -0.9719961378351336 -0.07454562836879217 -0.88942759174226
26 -0.5204576382526193 0.10946099811596034 0.07453817380595529
174 0.14370953979495665 1.072141831784247 -0.10945005201614874
148 -1.295722238293432 0.6606523264915151 -1.0720346176010687
79 -1.5001912843060685 -0.15932691690079895 -0.6605862612588659
11 -0.7726285451332389 0.3343367254513113 0.15931098420910886
156 0.6671043090460508 1.136954775012008 -0.3343032917787662
189 -1.1383834011965799 0.4071634761367126 -1.1368410795345067
149 -1.75349670777317 -0.16999749879445303 -0.40712275978909895
113 -1.90421376339626 0.587097410291627 0.16998049904457357
71 -1.7762276081896768 1.1010438252103465 -0.5870387005505978
18 -1.1946317669179334 0.17050179844263577 -1.1009337208278254
40 0.6019617784742819 -0.10674789348226 -0.1704847482627915
83 -0.29830489041279995 0.8272362291846286 0.10673721869291178
115 0.5360755083563344 0.9698732629177912 -0.8271535055617101
91 -0.8281581831221873 -0.01528433478627067 -0.9697762755914994
40 0.26555483671115376 0.030177002230528868 0.015282806352792043
112 0.18874581539250457 1.0151006760600678 -0.030173984530305814
56 -0.20042669001097638 0.7637401389621727 -1.0149991659924618
154 0.17861085757405973 -0.13165896596485355 -0.7636637649482765
105 -1.1014118610027837 0.23286941838793662 0.13164580006825707
21 -0.48489129934218284 1.1208001668641898 -0.23284613144609784
174 0.040401826317371756 0.515915265745343 -1.1206880868475033
137 -1.2978791776815155 -0.1739217991333209 -0.5158636742187684
60 -1.3455404604139676 0.4780865673384773 0.17390440695340756
7 -0.15817739446906354 1.12819105377951 -0.4780387586817435
133 -0.2496696778808413 0.2673982305526323 -1.128078234674132
45 -0.4605434928138375 -0.14237859741466777 -0.26737149072957705
166 0.24371971521499197 0.7285741762700694 0.1423643595549263
141 -1.2416112272350834 1.0362002934894041 -0.7285013188524424
64 -1.3504009077344319 0.05675647150205215 -1.0360966734600552
7 -0.22293938331078725 -0.03674093287152783 -0.05675079585490195
142 -0.262940203242552 0.9429792249154441 0.03673725877824068
53 -0.7004207363868865 0.8588952950538142 -0.9428849269929526
131 0.6640558431563008 -0.09042515256606828 -0.8588094055243088
143 -1.0833387264930905 0.1395552528323718 0.09041611005081168
58 -1.2181273361829184 1.0865209763321901 -0.13954129730708856
19 0.14992902342062533 0.6243531362909402 -1.086412324234557
112 0.002933978454267776 -0.1643756919938236 -0.6242907009773112
55 0.008090967020915945 0.37030542539899913 0.1643592544246242
140 0.20151645918160427 1.1369340328086375 -0.37026839485645924
81 -0.8921652263497849 0.3712078061518384 -1.1368203394053567
44 0.36809319398762624 -0.16437938647496883 -0.3711706853712232
97 0.15615631169869293 0.6234251980891994 0.16436294853632133
69 0.16781055372222722 1.08663115301381 -0.6233628555693904
113 0.3484465699433518 0.14048369189058518 -1.0865224898985086
64 -0.47861779485810335 -0.09046962343595041 -0.14046964352139613
145 0.5087007381762884 0.8578934059256753 0.09046057647360682
137 -1.1299271612145776 0.9432643572874557 -0.8578076165850828
51 -1.1635498364642067 -0.03575714613086614 -0.943170030851727
30 0.3579863460022373 0.056574254448388164 0.03575357041625305
98 0.06284924688195412 1.0351134411629748 -0.056568597022943326
74 0.26523769943297393 0.7291394357618055 -1.0350099298188584
93 0.2839746201029163 -0.14133879317546727 -0.7290665218182293
67 0.05344041777457094 0.2669381472905112 0.14132465929614973
129 0.34306934383787113 1.1270734644003715 -0.26691145347578216
80 -0.8106910824920658 0.47902962769312674 -1.1269607570539315
58 0.48466368593054526 -0.17285463389549463 -0.47898172473035744
79 -0.01163840778413394 0.5150425303778136 0.17283734843210508
118 0.42866902719569083 1.1197835868125088 -0.5149910261247758
77 -0.7152308257209803 0.23422591761628675 -1.1196716084538276
80 0.5995165341051604 -0.13064396455046595 -0.23420249502452511
75 -0.4568140449060248 0.7623839358807821 0.1306309001540109
123 0.5798946300393608 1.0143850470161964 -0.7623076974871941
112 -0.9780698499864515 0.03189689779079574 -1.0142836085114948
24 -0.4391451190381489 -0.014487090929230088 -0.03189370810101666
169 -0.01740577626857765 0.968064316738265 0.014485642220137165
121 -1.2559871710866837 0.8270559379517524 -0.9679675103065911
36 -1.0378961417895658 -0.1047718152068417 -0.8269732323579572
68 0.7023102479462693 0.17083134098969552 0.10476133802532102
88 -0.5864459840613332 1.0989246686124534 -0.17081425785559656
78 0.5383093430194413 0.5876586566874054 -1.0988147761455922
71 -0.28105821501553035 -0.16788331550152136 -0.5875998908217366
143 0.42898858740098017 0.40676314765350674 0.16786652716997122
118 -1.0820032417001721 1.1347752755121736 -0.4067224713387414
29 -0.7400790678240146 0.33573454347851267 -1.1346617979846223
153 0.6237261500154404 -0.15720533472156736 -0.3357009700241648
176 -1.1564910544394935 0.6593563265228511 0.1571896141880952
123 -1.6749013327022004 1.0702394611229535 -0.6592903908901989
66 -1.6028873286794965 0.11162710828085107 -1.0701324371768413
6 -0.8027172574870692 -0.07262455943747023 -0.11161594557002298
150 0.7264458789948777 0.8873291891032797 0.07261729698152648
190 -1.1115045321463473 0.9151466790145896 -0.8872404561843694
150 -1.7454785415558476 -0.05473914500665589 -0.9150551643466881
114 -1.904724878152553 0.08434556085409996 0.054733671092155226
73 -1.785827719134616 1.0533108363649968 -0.08433712629801454
20 -1.2273487455737415 0.6937701301011996 -1.0532055052813603
32 0.5313804565504981 -0.14946890396548734 -0.6937007530881895
85 -0.18022336765310992 0.3018310562612817 0.1494539570750908
113 0.49823949940623163 1.1312335597703307 -0.30180087315565557
81 -0.7264569298063999 0.44226125349421347 -1.1311204364143537
71 0.5468410708047652 -0.17023943968280825 -0.44221702736886404
72 -0.22915300028644006 0.5519866792664326 0.17022241573883998
140 0.42524587562913674 1.1092845569213232 -0.5519314805985059
112 -1.0475747729605263 0.20196607375666678 -1.109173628465631
24 -0.5474979590186547 -0.11733168745536773 -0.2019458771492911
175 0.1890588547749901 0.795300777874484 0.1173199542866222
156 -1.2967222101416875 0.9908192888290702 -0.7952212477966966
93 -1.5908812698840396 0.008434179580154522 -0.9907202069001874
26 -1.1338791222490845 0.00926556602277458 -0.008433336162196506
51 0.6512506672876168 0.991549493695059 -0.009264639466172302
83 -0.4035207691377129 0.7941012808444421 -0.9914503387456894
111 0.5715343616793126 -0.11756970759344615 -0.7940218707163577
92 -0.8078677943644345 0.20321360205492064 0.1175579506226868
42 0.2880563489883644 1.1092987970106596 -0.20319328069471515
109 0.1972324091364772 0.5506979550954255 -1.1091878671309585
57 -0.14243758222841654 -0.1698415146802152 -0.550642885299916
150 0.18817818531519867 0.44358788667831006 0.16982453052874716
99 -1.0564838438375768 1.1304704878872012 -0.44354352788964224
20 -0.2746141509706842 0.3008637673135724 -1.1303574408384125
148 -0.18483276716876212 -0.14846124213483558 -0.30083368093684104
65 -0.8723002140300179 0.6947581709799153 0.1484463960106221
71 0.6179565818076816 1.0519086127819506 -0.6946886951628174
77 -0.4135737600047622 0.08400895890821306 -1.0518034219206724
125 0.5620464032600608 -0.05321492295604081 -0.08400055801232223
110 -0.9769750741501919 0.9154330763826344 0.053209601463745204
24 -0.40224991471685106 0.8856060579966705 -0.9153415330749961
165 -0.07235890093940031 -0.07220115106707653 -0.8855174973908708
107 -1.2049098396859435 0.11343990136604702 0.07219393095196983
22 -0.703999941221663 1.0696202087075821 -0.11342855737591041
164 0.5380493912476663 0.6577539644489593 -1.0695132466867114
182 -1.1930832412884131 -0.15604130223637602 -0.6576881890525144
136 -1.7379432226249751 0.3374420333467608 0.15602569810615238
91 -1.7934574641607797 1.133252272932313 -0.33740828914342613
36 -1.4281377038553205 0.4057395680353232 -1.1331389477050198
2 -0.06084139905433232 -0.1660638671189179 -0.40569899407851967
124 -0.2569750545796186 0.5887855643289824 0.16604726073220602
43 -0.18980556928520434 1.0967135725797665 -0.5887266857725495
151 0.011818519282789415 0.17071718217131554 -1.0966039012225086
82 -0.9806605053485763 -0.10243277248021145 -0.1707001104530984
32 0.2195217365196601 0.8272013949713051 0.10242252920296342
115 0.13040703224711483 0.9655700996344688 -0.8271186748318079
54 -0.18758472649867505 -0.01358379829343151 -0.9654735426245054
153 0.15126658957030814 0.03448955346027932 0.013582439913602166
101 -1.083619969788634 1.0133445340540244 -0.03448610450493329
20 -0.36259450627679557 0.7601404665556332 -1.013243199600619
161 -0.14158686825326694 -0.12880590537970218 -0.7600644525089776
91 -1.1222014682694776 0.23661735523888547 0.1287930247891642
18 -0.2284504694905744 1.1175954702291153 -0.2365936935033616
142 -0.20085941848677452 0.5136023794813109 -1.1174837106820925
55 -0.7093769965175875 -0.1702411915238654 -0.5135510192433628
125 0.6773696942149009 0.48065256809834417 0.17022416740471302
136 -1.0534672025678204 1.1240187891608062 -0.48060450284153433
47 -1.0637811428132082 0.26671184948116067 -1.1239063872818902
52 0.5821666807335243 -0.13813342941262244 -0.2666851782962126
78 -0.2318548157747514 0.7294986528395291 0.13811961606968118
128 0.4866096922913028 1.0316859591707437 -0.7294257029742451
102 -0.9500174252777526 0.057699113355743376 -1.0315827905748267
24 -0.15319742547540213 -0.032248628111234495 -0.0576933434444078
136 -0.13366062123735514 0.9420986617525808 0.03224540324842337
51 -0.5697545024267474 0.8547354255532227 -0.9420044518864056
154 0.49182547253626874 -0.08811898142553531 -0.8546499520106674
153 -1.1812003559216904 0.14379705701183784 0.08811016952739276
81 -1.4608959825304009 1.0839746508063395 -0.14378267730613667
11 -0.7228896169153473 0.6212171139757181 -1.0838662533412589
166 0.5683486224756767 -0.16104839388052294 -0.6211549922643206
190 -1.1793717203051741 0.3736576907013802 0.1610322890411349
153 -1.779407817739718 1.1331082750770771 -0.37362032493231007
121 -1.94921493304665 0.3695928024580602 -1.1329949642495694
86 -1.887451659929753 -0.1603147321753299 -0.36955584317781437
38 -1.5213992857469154 0.6253039941516961 0.16029870070211238
30 -0.3047032288013412 1.0820976836816996 -0.625241463752281
161 -0.26239607876863513 0.14057145684185912 -1.0819894739133313
86 -1.1230368207848191 -0.08594154080905987 -0.14055739969617495
18 -0.11774162730905052 0.857965410616498 0.08593294665497897
130 -0.153474361134701 0.9387120174921117 -0.8578796140754363
47 -0.39427264302604287 -0.0341156644322585 -0.9386181462903626
164 0.17302187661779564 0.06114907799770655 0.03411225286581527
128 -1.2218155633768653 1.0333644109178215 -0.061142963089906785
44 -1.1222213578104774 0.725288635759786 -1.0332610744767297
42 0.519844483380697 -0.13846979550918798 -0.72521610689621
82 -0.10054898650955067 0.27094911625011875 0.13845594852963705
116 0.4667959997539019 1.123773263810293 -0.27092202133849375
81 -0.7425248729159237 0.47650470897053854 -1.1236608864839122
69 0.5403849187717044 -0.16907223401813168 -0.4764570584996415
73 -0.19766743802094802 0.5178258574371821 0.16905532679472987
138 0.41837726654327984 1.1154266030686193 -0.5177740748514384
108 -1.028745474434456 0.2333906237819217 -1.1153150604083124
22 -0.43884949616924274 -0.12620929706217532 -0.23336728471954352
170 -0.029421489206407102 0.7634469579474709 0.1261966761324691
120 -1.2571401089513137 1.0096264246126196 -0.7633706132516761
35 -1.0280165338180136 0.032760283293111536 -1.0095254619701584
71 0.7169464444133369 -0.00974010920244734 -0.03275700726478223
91 -0.6375197584659791 0.9672240187897626 0.009739135191527096
65 0.4650790566189216 0.8226346746867632 -0.9671272963878836
77 0.0064110686801222725 -0.10247285798728298 -0.8225524112192946
120 0.4162125723991911 0.17534745145588906 0.10246261070148426
78 -0.7299351279325464 1.0963132649550693 -0.17532991671074347
77 0.5873169761466571 0.5842895283059677 -1.0962036336285739
74 -0.3904052635487952 -0.16448248420617592 -0.5842310993531371
133 0.530972680473661 0.4103580031247359 0.1644660359577553
118 -1.0361571105935143 1.130787297812051 -0.41031696732442346
27 -0.6609526650248003 0.3339470500969605 -1.1306742190822698
167 0.46398430233596044 -0.1529783455359622 -0.33391365539195084
176 -1.2200966668319695 0.6614058697674651 0.15296304770140862
126 -1.7132665700702172 1.065471502788837 -0.6613397291804883
73 -1.6775827207802814 0.11161436616849107 -1.0653649556385583
14 -1.0410524595689234 -0.06785650898559706 -0.11160320473187423
80 0.8118618927801984 0.8874758941057833 0.0678497233346985
117 -0.8536623326388394 0.9103270308109265 -0.8873871465163727
28 -0.39010890640338636 -0.05312620712138025 -0.9102359981078454
164 -0.05762872865462604 0.08919952311553385 0.05312089450066811
105 -1.1892953615182584 1.0515295835158602 -0.08919060316322229
21 -0.6426067990569223 0.6896665038349701 -1.0514244305575087
172 0.3969735449735649 -0.14655240785989884 -0.6895975371845866
177 -1.2461452471977588 0.3061069411655066 0.14653775261911287
130 -1.7403285776369501 1.1277974607331724 -0.30607633047139005
82 -1.7470287779285647 0.4395382470413716 -1.127684680987099
26 -1.2635224763195032 -0.16632345510953944 -0.4394942932166675
25 0.4186080360290056 0.5549730084394175 0.1663068227640285
92 -0.06058238162887407 1.1047078147447689 -0.5549175111385736
93 0.42806918000647426 0.20100661766979389 -1.1045973439632943
65 -0.23246493848820168 -0.11267807603270448 -0.20098651700802692
150 0.32329646718470667 0.7964742132282867 0.11266680822510121
116 -1.1116250715480163 0.9857925737575776 -0.7963945658069639
27 -0.737502350598237 0.009248034497918306 -0.9856939945002018
154 0.615916805053934 0.014288900271383275 -0.009247109694468514
177 -1.160338148908179 0.9907120557713384 -0.014287471381356137
125 -1.6876583546193842 0.7894104531285095 -0.9906129845657612
71 -1.6463138216055084 -0.11524675726747297 -0.7893315120831967
11 -0.9518206662821098 0.2080121249046697 0.11523523259174621
108 0.8466811675622525 1.1065814237702751 -0.20799132369217924
152 -1.0122356930512653 0.5471041868211309 -1.106470765627898
71 -1.3037980303417243 -0.16633536387534023 -0.5470494764024488
10 -0.22967197409456105 0.4474170329424428 0.1663187303389527
142 -0.24904709086268384 1.126282330065549 -0.44737229123914857
54 -0.7098543673308138 0.298925331357275 -1.1261697018325423
128 0.674493910114025 -0.14404097257795362 -0.29889543882413927
139 -1.066979281522203 0.6969550008196201 0.14402656848069584
52 -1.1401952852396215 1.0468773138472005 -0.6968853053195382
32 0.3919902526049674 0.08392427263087582 -1.046772626115816
95 0.05653877181122597 -0.04818128282314021 -0.08391588020361274
80 0.3208833786983555 0.9156198325934906 0.048176464694857896
78 0.16216594852206614 0.8805045291271516 -0.9155282706102312
101 0.35828802873852933 -0.07058591577291662 -0.8804164786742389
62 -0.2377759306147928 0.11858704702466086 0.07057885718133933
152 0.2789425654616019 1.0677662796369334 -0.11857518831995839
116 -1.1262304489851536 0.6533998460941021 -1.0676595030089697
27 -0.7514073129516943 -0.15304577478412898 -0.6533345061094926
152 0.6398441570320345 0.34198089205465254 0.15303047020665056
176 -1.1499460793271696 1.1296402841005513 -0.3419466939654471
123 -1.6750399092726507 0.4028358717419981 -1.1295273200721412
67 -1.610271208975219 -0.16198266798456828 -0.4027955881548239
7 -0.8302058015909682 0.5919567348996962 0.16196646971776982
143 0.7647986503197213 1.091883914519148 -0.5918975392262062
186 -1.0951835747459195 0.16966036421666217 -1.091774726127696
141 -1.7134088778085435 -0.09753165396492208 -0.16964339818024052
96 -1.8087929318223914 0.8284541171147328 0.0975219007995256
43 -1.5058840652078804 0.9602546559666553 -0.8283712717030214
30 -0.3198519889688346 -0.012789072564149295 -0.9601586305010587
162 -0.24772296519084433 0.03980865742353113 0.01278779365689288
89 -1.1429879763343207 1.01247084781572 -0.03980467655778878
17 -0.21927722606115002 0.7551758799068746 -1.0123696007309384
141 -0.20447273401341431 -0.12642772264956287 -0.755100362318884
53 -0.6747709221147379 0.24170284387024504 0.12641507987729791
135 0.6418248092048943 1.114731026930305 -0.241678673585858
145 -1.100444076223587 0.5097962739339235 -1.114619553827612
63 -1.2740522251633861 -0.1665980020109944 -0.50974529430653
12 -0.04209863621421188 0.4847037268386589 0.1665813422107933
122 -0.15340725264089516 1.1195938016485363 -0.48465525646597507
47 -0.15433269541182926 0.2646466873960605 -1.1194818422683714
150 0.05094950735218891 -0.13348941609831308 -0.2646202227273209
83 -0.977665496751089 0.7318158924306254 0.13347606715670324
31 0.19874397770682764 1.0263651670738967 -0.7317427108413823
116 0.12060552909529175 0.05757219792209209 -1.0262625305571893
54 -0.22020573402898977 -0.02692544215190541 -0.05756644070229988
155 0.14974019522472437 0.942288563410685 0.02692274960769022
105 -1.1095400050630992 0.8493412022607757 -0.942194334554344
20 -0.4899437172051894 -0.08647043012589997 -0.8492562681405497
174 0.04914302098303971 0.1492483048022187 0.08646178308288738
138 -1.3006084168230394 1.08200677178562 -0.1492333799717385
63 -1.3739805435798436 0.6166188891902737 -1.0818985711084415
6 -0.2652138545155677 -0.15794234200969087 -0.6165572273013548
149 -0.26263010398680026 0.378453616018744 0.1579265477754899
62 -0.8687535561118477 1.1292811198799573 -0.3784157706571421
77 0.6487329002923236 0.3665290597993918 -1.1291681917679692
81 -0.5349041714157265 -0.15603690210345447 -0.3664924068934119
101 0.6047441347034929 0.6286380901429796 0.15602129841324414
87 -0.7316816624037444 1.0769841287375215 -0.6285752263339652
59 0.44998012606333593 0.1394458109555311 -1.0768764303246476
82 0.05930759508703949 -0.08076545716325678 -0.13943186637443555
106 0.40957067049250917 0.8592635218114064 0.08075738061754045
65 -0.44648821644271997 0.9330906206343921 -0.8591775954592253
145 0.4937223532984755 -0.033309216722400364 -0.9329973115723287
134 -1.1257162225362967 0.06678078764393935 0.03330588580072812
47 -1.108097670959353 1.032413951081059 -0.06677410956517496
42 0.5098247509288321 0.7200501771574643 -1.032310709685951
83 -0.07765362419696537 -0.1360051612108501 -0.7199781721397486
114 0.46066135320464885 0.27632234708505354 0.135991560694729
78 -0.6983328079907455 1.1207207527950105 -0.276294714850345
83 0.6035818492123726 0.47250228400057204 -1.120608680719731
76 -0.4915755793249732 -0.16526036239688252 -0.47245503377217196
117 0.5994544040556454 0.5220827687519182 0.16524383636064283
106 -0.929866970182493 1.110729752875109 -0.522030560475043
24 -0.2356130288064509 0.23122532274055682 -1.1106186798998214
145 -0.15735138536086776 -0.12131170987511637 -0.23120220020828278
61 -0.7896042802764485 0.7658544936011523 0.12129957870412886
97 0.6936275617497588 1.0039929576303135 -0.7657779081517923
102 -0.8280756936263989 0.032621720053954834 -1.0038925583345504
31 0.0288037116193392 -0.004105393658406098 -0.03261845788194944
129 0.026451491458505203 0.9673781712666325 0.004104983119040257
53 -0.4613621699325504 0.8169408778704055 -0.9672814334495059
160 0.35201166783713106 -0.10075991303663964 -0.8168591837826185
143 -1.2094669474159716 0.1811103042023513 0.10074983704533598
66 -1.3509711858983497 1.0941896485876823 -0.18109219317193107
7 -0.2520088449365725 0.5794576094127818 -1.0940802296228236
146 -0.26018945743196753 -0.1612344538440988 -0.5793996636518405
59 -0.8091083203940478 0.41540102652687855 0.1612183303987144
97 0.7009548459153627 1.1267067278307976 -0.4153594864242259
103 -0.8319862326634984 0.33074690346793756 -1.1265940571580146
30 -0.0009040809883771317 -0.1484727599887405 -0.33071382877759076
130 0.0006664387722950962 0.6648773391306744 0.1484579127127416
53 -0.47031356272746383 1.0600455374948445 -0.6648108513967613
160 0.357064007512343 0.11044984029069191 -1.059939532941095
144 -1.2108240508366384 -0.06237936638514287 -0.11043879530666284
68 -1.369145472518033 0.8887829676232148 0.06237312844850435
7 -0.32273030061604896 0.9043860957410785 -0.8886940893264526
157 -0.23013535319400416 -0.05227693136041081 -0.9042956571315044
80 -1.056405594424499 0.09515776735800338 0.05227170366727477
26 0.1278838164101361 1.0504607035295628 -0.09514825158126758
119 0.05254044840667163 0.6841582104867676 -1.05035565745921
52 -0.20474720515319025 -0.14397014885450116 -0.684089794665719
154 0.11857634186412065 0.31176472458204363 0.1439557518396157
99 -1.0851894185059852 1.1245163031408723 -0.3117335481095854
19 -0.3319343308732152 0.43535906868449176 -1.124403851510558
156 -0.16705149209704007 -0.16231135524772372 -0.4353155327776233
81 -1.0422871354834031 0.5594154720139062 0.16229512411219896
27 0.13199255071840219 1.0997059900464907 -0.5593595304667048
119 0.059590548849091464 0.1987698166244687 -1.099596019447486
52 -0.21731260390260923 -0.10749790744767107 -0.19874993964280624
155 0.12289068742393609 0.7989389003360681 0.1074871576569263
101 -1.0979738341586367 0.9798264843628851 -0.7988590064460345
19 -0.3994996711629173 0.009129005662179307 -0.9797285017144488
165 -0.10263538925012713 0.02025483053667517 -0.00912809276161309
105 -1.2007920986684752 0.990789855606373 -0.020252805053621505
21 -0.6476116305398009 0.783414287351879 -0.9906907766208124
172 0.4076881982530219 -0.11343836574622289 -0.7833359459231438
178 -1.2424867757269784 0.21409040151222142 0.11342702190964826
132 -1.7439470282725495 1.1042600819057153 -0.2140689924720702
85 -1.7634745338749709 0.5420529418298463 -1.1041496558975248
29 -1.3177436788852073 -0.16291393424680295 -0.5419987365356633
15 0.27339417832808616 0.45269307346998233 0.16289764285337827
102 -0.04600816162001768 1.1219114390998384 -0.45264780416263534
71 0.290650647374834 0.29561514040075054 -1.1217992479559284
92 0.26463234359069726 -0.13927691020275954 -0.29558557888671044
69 0.0992263319238307 0.700534809570164 0.13926298251173927
122 0.3592737416348819 1.041113178627838 -0.700464756089207
73 -0.6852099330204661 0.08275191376828087 -1.0410090673099752
96 0.6459568228166219 -0.04237864315643782 -0.08274363857690403
